003340070-04 FP 0 0 1 0 0.036
003958301-01 FP 0 1 1 0 0.000
005114623-01 FP 0 1 1 1 0.000
005125196-01 FP 0 1 1 0 0.000
005125196-02 FP 0 1 1 0 0.000
005125196-04 FP 0 1 1 0 0.000
005446285-03 FP 0 1 0 0 0.000
006677841-03 PC 0 0 0 0 0.942
006677841-04 PC 0 0 0 0 0.920
006964043-01 FP 0 1 0 0 0.000
006964043-05 FP 1 0 0 0 0.386
007024511-01 FP 0 1 1 1 0.000
008009496-01 FP 0 1 1 1 0.000
008956706-01 FP 0 1 1 0 0.000
008956706-06 PC 0 0 0 0 0.044
009032900-01 FP 0 1 0 0 0.000
009301564-01 PC 0 0 0 0 0.582
010223616-01 FP 0 1 0 0 0.000
011661803-02 FP 0 1 1 0 0.000
012459725-01 FP 0 0 1 0 0.011
